r: 1.138 # Jupiter radii
inc: 85.71 # degrees
porb: 2.21857567 # days
prot: 2.21857567 # days
ecc: 0. 